55.333333333333336
52.333333333333336
44.666666666666664
78.0
52.666666666666664
58.333333333333336
40.0
75.33333333333333
47.333333333333336
63.666666666666664
36.0
42.0
67.0
50.666666666666664
60.333333333333336
65.66666666666667
69.66666666666667
53.0
77.66666666666667
48.333333333333336
54.333333333333336
62.333333333333336
41.333333333333336
75.33333333333333
75.33333333333333
58.0
69.0
66.0
49.0
73.0
51.666666666666664
65.66666666666667
77.0
67.33333333333333
63.0
53.0
53.0
79.66666666666667
69.0
49.666666666666664
72.33333333333333
55.666666666666664
69.33333333333333
82.33333333333333
47.666666666666664
79.66666666666667
58.666666666666664
57.0
51.666666666666664
66.66666666666667
70.33333333333333
64.0
58.333333333333336
63.666666666666664
54.666666666666664
77.33333333333333
40.0
70.33333333333333
59.0
38.666666666666664
67.0
77.66666666666667
50.333333333333336
52.666666666666664
70.0
76.0
40.0
59.666666666666664
67.0
50.333333333333336
75.33333333333333
72.0
54.333333333333336
71.66666666666667
78.0
88.33333333333333
37.333333333333336
43.0
62.0
74.66666666666667
40.0
72.66666666666667
59.707317073170735 62.451219512195124 61.0609756097561
